$ 1 0.000005 382.76258214399064 56 5 43 5e-11
409 128 240 320 240 1 0.6 -5.587366901840541 0.0231 0
409 720 224 896 224 1 0.6 -6.838504276549694 0.0231 0
409 1440 192 1648 192 1 0.6 -7.174329623809708 0.0231 0
R 32 256 -48 256 0 1 50 0.01 2 0 0.5
w 80 256 128 256 0
409 1056 208 1232 208 1 0.6 -6.247793174078542 0.0231 0
d 1328 208 1232 208 2 default
w 1328 208 1328 96 0
w 1328 96 1056 96 0
w 1056 96 1056 192 0
r 1328 208 1328 384 0 10000
R 1328 384 1328 464 0 0 40 3.3 0 0 0.5
w 1440 176 1440 96 0
w 1440 96 1648 96 0
w 1648 96 1712 96 0
d 1648 192 1712 192 2 default
w 1712 96 1712 192 0
r 1712 192 1712 384 0 10000
w 1328 208 1440 208 0
r 720 208 720 112 0 1000
w 720 112 896 112 0
w 896 112 896 224 0
r 720 208 624 208 0 1000
R 800 192 800 144 0 0 40 5 0 0 0.5
R 800 256 800 304 0 0 40 -5 0 0 0.5
R 1136 176 1136 128 0 0 40 5 0 0 0.5
R 1536 160 1536 112 0 0 40 5 0 0 0.5
R 1136 240 1136 288 0 0 40 -5 0 0 0.5
R 1536 224 1536 272 0 0 40 -5 0 0 0.5
g 1712 384 1712 448 0 0
R 224 208 224 160 0 0 40 5 0 0 0.5
R 224 272 224 320 0 0 40 -5 0 0 0.5
w 320 240 320 112 0
w 128 96 128 224 0
174 208 112 64 96 1 1000 0.9752000000000001 Resistance
g -32 112 -32 160 0 0
409 416 224 560 224 1 0.6 -5.227893039728942 0.0231 0
R 480 192 480 144 0 0 40 5 0 0 0.5
R 480 256 480 304 0 0 40 -5 0 0 0.5
w 416 208 416 112 0
w 416 112 560 112 0
w 560 112 560 224 0
w 560 224 624 208 0
R 976 256 976 304 0 0 40 -5 0 0 0.5
R 976 192 976 144 0 0 40 5 0 0 0.5
409 928 224 1040 224 1 0.6 -6.679129808798795 0.0231 0
w 928 208 928 128 0
w 928 128 1040 128 0
w 1040 128 1040 224 0
w 48 112 -32 112 0
r 48 64 128 64 0 15
c 32 256 80 256 0 0.00009999999999999999 1.9970232362726603 0.001
r 80 256 80 368 0 1000
g 80 368 80 432 0 0
w 128 64 128 96 0
w 48 64 48 112 0
w 208 112 320 112 0
w 320 240 416 240 0
174 768 384 624 336 1 1000 0.5 Resistance
R 608 384 608 448 0 0 40 3.3 0 0 0.5
w 688 336 688 240 0
w 688 240 720 240 0
g 768 384 768 448 0 0
w 896 224 928 240 0
w 1040 224 1056 224 0
o 16 64 0 4098 5 0.1 0 2 16 3
o 57 64 0 4098 5 0.1 1 2 57 3
